 #DYNAMICS. TIME (1st COL) AND FIDELITIES AGAINST ALL THE BASIS VECTORS ORDERED BY INDEX NUMBER
   4.9990000000000041        0.0000000000000000       0.72790738228314356       0.25053500295869841        2.1557614758157310E-002
   5.0000000000000044        0.0000000000000000       0.72705294353314820       0.25124210502581396        2.1704951441037682E-002
   5.0010000000000039        0.0000000000000000       0.72619780440371828       0.25194919715609571        2.1852998440185109E-002
   5.0020000000000042        0.0000000000000000       0.72534196872640777       0.25265627369281146        2.2001757580780112E-002
   5.0030000000000037        0.0000000000000000       0.72448544033411444       0.25336332897935276        2.2151230686532304E-002
   5.0040000000000040        0.0000000000000000       0.72362822306105912       0.25407035735928063        2.2301419579659525E-002
   5.0050000000000043        0.0000000000000000       0.72277032074275915       0.25477735317637273        2.2452326080867391E-002
   5.0060000000000038        0.0000000000000000       0.72191173721600443       0.25548431077466616        2.2603952009328510E-002
   5.0070000000000041        0.0000000000000000       0.72105247631883285       0.25619122449850429        2.2756299182662088E-002
   5.0080000000000044        0.0000000000000000       0.72019254189050519       0.25689808869258091        2.2909369416913152E-002
   5.0090000000000039        0.0000000000000000       0.71933193777148052       0.25760489770198669        2.3063164526532023E-002
   5.0100000000000042        0.0000000000000000       0.71847066780339186       0.25831164587225375        2.3217686324353767E-002
   5.0110000000000037        0.0000000000000000       0.71760873582902174       0.25901832754940030        2.3372936621577498E-002
   5.0120000000000040        0.0000000000000000       0.71674614569227657       0.25972493707997690        2.3528917227745885E-002
   5.0130000000000043        0.0000000000000000       0.71588290123816356       0.26043146881111134        2.3685629950724516E-002
   5.0140000000000038        0.0000000000000000       0.71501900631276416       0.26113791709055401        2.3843076596681376E-002
   5.0150000000000041        0.0000000000000000       0.71415446476321076       0.26184427626672235        2.4001258970066275E-002
   5.0160000000000045        0.0000000000000000       0.71328928043766238       0.26255054068874684        2.4160178873590132E-002
   5.0170000000000039        0.0000000000000000       0.71242345718527833       0.26325670470651630        2.4319838108204702E-002
   5.0180000000000042        0.0000000000000000       0.71155699885619506       0.26396276267072238        2.4480238473081745E-002
   5.0190000000000037        0.0000000000000000       0.71068990930150111       0.26466870893290551        2.4641381765592715E-002
   5.0200000000000040        0.0000000000000000       0.70982219237321220       0.26537453784549953        2.4803269781287971E-002
   5.0210000000000043        0.0000000000000000       0.70895385192424643       0.26608024376187656        2.4965904313876509E-002
   5.0220000000000038        0.0000000000000000       0.70808489180840017       0.26678582103639387        2.5129287155205203E-002
   5.0230000000000041        0.0000000000000000       0.70721531588032371       0.26749126402443724        2.5293420095238422E-002
   5.0240000000000045        0.0000000000000000       0.70634512799549554       0.26819656708246636        2.5458304922037510E-002
   5.0250000000000039        0.0000000000000000       0.70547433201019860       0.26890172456806066        2.5623943421740163E-002
   5.0260000000000042        0.0000000000000000       0.70460293178149480       0.26960673083996445        2.5790337378540147E-002
   5.0270000000000037        0.0000000000000000       0.70373093116720120       0.27031158025813151        2.5957488574666527E-002
   5.0280000000000040        0.0000000000000000       0.70285833402586539       0.27101626718377037        2.6125398790363439E-002
   5.0290000000000044        0.0000000000000000       0.70198514421674019       0.27172078597938970        2.6294069803869446E-002
   5.0300000000000038        0.0000000000000000       0.70111136559975906       0.27242513100884302        2.6463503391397126E-002
   5.0310000000000041        0.0000000000000000       0.70023700203551276       0.27312929663737401        2.6633701327112676E-002
   5.0320000000000045        0.0000000000000000       0.69936205738522284       0.27383327723166151        2.6804665383115288E-002
   5.0330000000000039        0.0000000000000000       0.69848653551071771       0.27453706715986470        2.6976397329416917E-002
   5.0340000000000042        0.0000000000000000       0.69761044027440933       0.27524066079166826        2.7148898933921677E-002
   5.0350000000000037        0.0000000000000000       0.69673377553926674       0.27594405249832699        2.7322171962405474E-002
   5.0360000000000040        0.0000000000000000       0.69585654516879258       0.27664723665271140        2.7496218178495613E-002
   5.0370000000000044        0.0000000000000000       0.69497875302699719       0.27735020762935192        2.7671039343650377E-002
   5.0380000000000038        0.0000000000000000       0.69410040297837605       0.27805295980448469        2.7846637217138637E-002
   5.0390000000000041        0.0000000000000000       0.69322149888788365       0.27875548755609614        2.8023013556019355E-002
   5.0400000000000045        0.0000000000000000       0.69234204462090920       0.27945778526396875        2.8200170115121364E-002
   5.0410000000000039        0.0000000000000000       0.69146204404325229       0.28015984730972426        2.8378108647022948E-002
   5.0420000000000043        0.0000000000000000       0.69058150102109772       0.28086166807687030        2.8556830902031385E-002
   5.0430000000000037        0.0000000000000000       0.68970041942099169       0.28156324195084492        2.8736338628162744E-002
   5.0440000000000040        0.0000000000000000       0.68881880310981725       0.28226456331906080        2.8916633571121422E-002
   5.0450000000000044        0.0000000000000000       0.68793665595476827       0.28296562657095115        2.9097717474279878E-002
   5.0460000000000038        0.0000000000000000       0.68705398182332733       0.28366642609801362        2.9279592078658323E-002
   5.0470000000000041        0.0000000000000000       0.68617078458323888       0.28436695629385617        2.9462259122904368E-002
   5.0480000000000045        0.0000000000000000       0.68528706810248552       0.28506721155424125        2.9645720343272761E-002
   5.0490000000000039        0.0000000000000000       0.68440283624926379       0.28576718627713021        2.9829977473605124E-002
   5.0500000000000043        0.0000000000000000       0.68351809289196008       0.28646687486272970        3.0015032245309589E-002
   5.0510000000000037        0.0000000000000000       0.68263284189912421       0.28716627171353470        3.0200886387340621E-002
   5.0520000000000040        0.0000000000000000       0.68174708713944610       0.28786537123437439        3.0387541626178759E-002
   5.0530000000000044        0.0000000000000000       0.68086083248173268       0.28856416783245659        3.0574999685810320E-002
   5.0540000000000038        0.0000000000000000       0.67997408179487984       0.28926265591741229        3.0763262287707267E-002
   5.0550000000000042        0.0000000000000000       0.67908683894785160       0.28996082990134092        3.0952331150806877E-002
   5.0560000000000045        0.0000000000000000       0.67819910780965365       0.29065868419885427        3.1142207991491644E-002
   5.0570000000000039        0.0000000000000000       0.67731089224930829       0.29135621322712202        3.1332894523569056E-002
   5.0580000000000043        0.0000000000000000       0.67642219613583221       0.29205341140591595        3.1524392458251373E-002
   5.0590000000000037        0.0000000000000000       0.67553302333820975       0.29275027315765428        3.1716703504135559E-002
   5.0600000000000041        0.0000000000000000       0.67464337772536931       0.29344679290744707        3.1909829367182993E-002
   5.0610000000000044        0.0000000000000000       0.67375326316615958       0.29414296508314042        3.2103771750699485E-002
   5.0620000000000038        0.0000000000000000       0.67286268352932399       0.29483878411536030        3.2298532355315095E-002
   5.0630000000000042        0.0000000000000000       0.67197164268347664       0.29553424443755894        3.2494112878963914E-002
   5.0640000000000045        0.0000000000000000       0.67108014449707809       0.29622934048605737        3.2690515016864159E-002
   5.0650000000000039        0.0000000000000000       0.67018819283841069       0.29692406670009108        3.2887740461497963E-002
   5.0660000000000043        0.0000000000000000       0.66929579157555386       0.29761841752185425        3.3085790902591401E-002
   5.0670000000000037        0.0000000000000000       0.66840294457636085       0.29831238739654431        3.3284668027094261E-002
   5.0680000000000041        0.0000000000000000       0.66750965570843346       0.29900597077240615        3.3484373519160199E-002
   5.0690000000000044        0.0000000000000000       0.66661592883909648       0.29969916210077641        3.3684909060126680E-002
   5.0700000000000038        0.0000000000000000       0.66572176783537607       0.30039195583612860        3.3886276328494849E-002
   5.0710000000000042        0.0000000000000000       0.66482717656397294       0.30108434643611681        3.4088476999909655E-002
   5.0720000000000045        0.0000000000000000       0.66393215889123969       0.30177632836161972        3.4291512747139839E-002
   5.0730000000000040        0.0000000000000000       0.66303671868315539       0.30246789607678631        3.4495385240057942E-002
   5.0740000000000043        0.0000000000000000       0.66214085980530057       0.30315904404907829        3.4700096145620474E-002
   5.0750000000000037        0.0000000000000000       0.66124458612283588       0.30384976674931613        3.4905647127847723E-002
   5.0760000000000041        0.0000000000000000       0.66034790150047351       0.30454005865172168        3.5112039847804179E-002
   5.0770000000000044        0.0000000000000000       0.65945080980245718       0.30522991423396401        3.5319275963578381E-002
   5.0780000000000038        0.0000000000000000       0.65855331489253421       0.30591932797720206        3.5527357130263150E-002
   5.0790000000000042        0.0000000000000000       0.65765542063393412       0.30660829436612991        3.5736284999935655E-002
   5.0800000000000045        0.0000000000000000       0.65675713088934162       0.30729680788902014        3.5946061221637605E-002
   5.0810000000000040        0.0000000000000000       0.65585844952087535       0.30798486303776862        3.6156687441355397E-002
   5.0820000000000043        0.0000000000000000       0.65495938039006107       0.30867245430793783        3.6368165302000377E-002
   5.0830000000000037        0.0000000000000000       0.65405992735780871       0.30935957619880167        3.6580496443388927E-002
   5.0840000000000041        0.0000000000000000       0.65316009428438782       0.31004622321338887        3.6793682502222695E-002
   5.0850000000000044        0.0000000000000000       0.65225988502940346       0.31073238985852686        3.7007725112068957E-002
   5.0860000000000039        0.0000000000000000       0.65135930345177218       0.31141807064488664        3.7222625903340668E-002
   5.0870000000000042        0.0000000000000000       0.65045835340969693       0.31210326008702560        3.7438386503276959E-002
   5.0880000000000045        0.0000000000000000       0.64955703876064408       0.31278795270343202        3.7655008535923254E-002
   5.0890000000000040        0.0000000000000000       0.64865536336131902       0.31347214301656878        3.7872493622111598E-002
   5.0900000000000043        0.0000000000000000       0.64775333106764055       0.31415582555291749        3.8090843379441131E-002
   5.0910000000000037        0.0000000000000000       0.64685094573471957       0.31483899484302158        3.8310059422258180E-002
   5.0920000000000041        0.0000000000000000       0.64594821121683232       0.31552164542153033        3.8530143361636876E-002
   5.0930000000000044        0.0000000000000000       0.64504513136739694       0.31620377182724319        3.8751096805359417E-002
   5.0940000000000039        0.0000000000000000       0.64414171003895038       0.31688536860315253        3.8972921357896449E-002
   5.0950000000000042        0.0000000000000000       0.64323795108312376       0.31756643029648807        3.9195618620387430E-002
   5.0960000000000045        0.0000000000000000       0.64233385835061785       0.31824695145876025        3.9419190190621303E-002
   5.0970000000000040        0.0000000000000000       0.64142943569117927       0.31892692664580347        3.9643637663016713E-002
   5.0980000000000043        0.0000000000000000       0.64052468695357712       0.31960635041781965        3.9868962628602594E-002
   5.0990000000000038        0.0000000000000000       0.63961961598557771       0.32028521733942317        4.0095166674998635E-002
   5.1000000000000041        0.0000000000000000       0.63871422663392174       0.32096352197968187        4.0322251386395891E-002
   5.1010000000000044        0.0000000000000000       0.63780852274429967       0.32164125891216283        4.0550218343537121E-002
   5.1020000000000039        0.0000000000000000       0.63690250816132787       0.32231842271497396        4.0779069123697546E-002
   5.1030000000000042        0.0000000000000000       0.63599618672852520       0.32299500797080893        4.1008805300665398E-002
   5.1040000000000045        0.0000000000000000       0.63508956228828739       0.32367100926698955        4.1239428444722379E-002
   5.1050000000000040        0.0000000000000000       0.63418263868186608       0.32434642119550910        4.1470940122624381E-002
   5.1060000000000043        0.0000000000000000       0.63327541974934143       0.32502123835307578        4.1703341897582250E-002
   5.1070000000000038        0.0000000000000000       0.63236790932960052       0.32569545534115640        4.1936635329242238E-002
   5.1080000000000041        0.0000000000000000       0.63146011126031387       0.32636906676601890        4.2170821973666714E-002
   5.1090000000000044        0.0000000000000000       0.63055202937790911       0.32704206723877521        4.2405903383315062E-002
   5.1100000000000039        0.0000000000000000       0.62964366751754941       0.32771445137542576        4.2641881107024222E-002
   5.1110000000000042        0.0000000000000000       0.62873502951310900       0.32838621379690097        4.2878756689989486E-002
   5.1120000000000045        0.0000000000000000       0.62782611919714881       0.32905734912910539        4.3116531673745295E-002
   5.1130000000000040        0.0000000000000000       0.62691694040089330       0.32972785200296001        4.3355207596146049E-002
   5.1140000000000043        0.0000000000000000       0.62600749695420688       0.33039771705444565        4.3594785991346849E-002
   5.1150000000000038        0.0000000000000000       0.62509779268556931       0.33106693892464573        4.3835268389784417E-002
   5.1160000000000041        0.0000000000000000       0.62418783142205259       0.33173551225978887        4.4076656318157929E-002
   5.1170000000000044        0.0000000000000000       0.62327761698929729       0.33240343171129244        4.4318951299409916E-002
   5.1180000000000039        0.0000000000000000       0.62236715321148817       0.33307069193580424        4.4562154852707085E-002
   5.1190000000000042        0.0000000000000000       0.62145644391133181       0.33373728759524635        4.4806268493421411E-002
   5.1200000000000045        0.0000000000000000       0.62054549291003136       0.33440321335685702        4.5051293733110891E-002
   5.1210000000000040        0.0000000000000000       0.61963430402726427       0.33506846389323436        4.5297232079500725E-002
   5.1220000000000043        0.0000000000000000       0.61872288108115758       0.33573303388237741        4.5544085036464226E-002
   5.1230000000000038        0.0000000000000000       0.61781122788826537       0.33639691800773025        4.5791854104003778E-002
   5.1240000000000041        0.0000000000000000       0.61689934826354398       0.33706011095822341        4.6040540778231998E-002
   5.1250000000000044        0.0000000000000000       0.61598724602032962       0.33772260742831700        4.6290146551352780E-002
   5.1260000000000039        0.0000000000000000       0.61507492497031391       0.33838440211804310        4.6540672911642364E-002
   5.1270000000000042        0.0000000000000000       0.61416238892352104       0.33904548973304777        4.6792121343430512E-002
   5.1280000000000046        0.0000000000000000       0.61324964168828411       0.33970586498463406        4.7044493327081500E-002
   5.1290000000000040        0.0000000000000000       0.61233668707122058       0.34036552258980329        4.7297790338975527E-002
   5.1300000000000043        0.0000000000000000       0.61142352887721096       0.34102445727129865        4.7552013851489813E-002
   5.1310000000000038        0.0000000000000000       0.61051017090937365       0.34168266375764611        4.7807165332979712E-002
   5.1320000000000041        0.0000000000000000       0.60959661696904177       0.34234013678319747        4.8063246247760129E-002
   5.1330000000000044        0.0000000000000000       0.60868287085574013       0.34299687108817256        4.8320258056086737E-002
   5.1340000000000039        0.0000000000000000       0.60776893636716200       0.34365286141870033        4.8578202214137223E-002
   5.1350000000000042        0.0000000000000000       0.60685481729914514       0.34430810252686173        4.8837080173992589E-002
   5.1360000000000046        0.0000000000000000       0.60594051744564903       0.34496258917073191        4.9096893383618709E-002
   5.1370000000000040        0.0000000000000000       0.60502604059873089       0.34561631611442117        4.9357643286847455E-002
   5.1380000000000043        0.0000000000000000       0.60411139054852347       0.34626927812811764        4.9619331323358294E-002
   5.1390000000000038        0.0000000000000000       0.60319657108321112       0.34692146998812873        4.9881958928659549E-002
   5.1400000000000041        0.0000000000000000       0.60228158598900605       0.34757288647692358        5.0145527534070013E-002
   5.1410000000000045        0.0000000000000000       0.60136643905012543       0.34822352238317344        5.0410038566700406E-002
   5.1420000000000039        0.0000000000000000       0.60045113404876960       0.34887337250179529        5.0675493449434748E-002
   5.1430000000000042        0.0000000000000000       0.59953567476509606       0.34952243163399144        5.0941893600912010E-002
   5.1440000000000046        0.0000000000000000       0.59862006497719911       0.35017069458729239        5.1209240435507807E-002
   5.1450000000000040        0.0000000000000000       0.59770430846108547       0.35081815617559847        5.1477535363315625E-002
   5.1460000000000043        0.0000000000000000       0.59678840899065000       0.35146481121922035        5.1746779790128886E-002
   5.1470000000000038        0.0000000000000000       0.59587237033765561       0.35211065454492169        5.2016975117422252E-002
   5.1480000000000041        0.0000000000000000       0.59495619627170726       0.35275568098595889        5.2288122742333472E-002
   5.1490000000000045        0.0000000000000000       0.59403989056022977       0.35339988538212458        5.2560224057645107E-002
   5.1500000000000039        0.0000000000000000       0.59312345696844637       0.35404326257978685        5.2833280451766093E-002
   5.1510000000000042        0.0000000000000000       0.59220689925935388       0.35468580743193184        5.3107293308713638E-002
   5.1520000000000046        0.0000000000000000       0.59129022119369989       0.35532751479820440        5.3382264008095093E-002
   5.1530000000000040        0.0000000000000000       0.59037342652996050       0.35596837954494936        5.3658193925089574E-002
   5.1540000000000044        0.0000000000000000       0.58945651902431773       0.35660839654525189        5.3935084430429908E-002
   5.1550000000000038        0.0000000000000000       0.58853950243063502       0.35724756067897995        5.4212936890384540E-002
   5.1560000000000041        0.0000000000000000       0.58762238050043603       0.35788586683282392        5.4491752666739453E-002
   5.1570000000000045        0.0000000000000000       0.58670515698288150       0.35852330990033809        5.4771533116779951E-002
   5.1580000000000039        0.0000000000000000       0.58578783562474490       0.35915988478198158        5.5052279593272760E-002
   5.1590000000000042        0.0000000000000000       0.58487042017039237       0.35979558638515913        5.5333993444448101E-002
   5.1600000000000046        0.0000000000000000       0.58395291436175689       0.36043040962426104        5.5616676013981493E-002
   5.1610000000000040        0.0000000000000000       0.58303532193831853       0.36106434942070503        5.5900328640975980E-002
   5.1620000000000044        0.0000000000000000       0.58211764663707877       0.36169740070297657        5.6184952659944214E-002
   5.1630000000000038        0.0000000000000000       0.58119989219254020       0.36232955840666875        5.6470549400790368E-002
   5.1640000000000041        0.0000000000000000       0.58028206233668322       0.36296081747452363        5.6757120188792594E-002
   5.1650000000000045        0.0000000000000000       0.57936416079894248       0.36359117285647191        5.7044666344585056E-002
   5.1660000000000039        0.0000000000000000       0.57844619130618502       0.36422061950967455        5.7333189184139967E-002
   5.1670000000000043        0.0000000000000000       0.57752815758268794       0.36484915239856125        5.7622690018750151E-002
   5.1680000000000046        0.0000000000000000       0.57661006335011555       0.36547676649487282        5.7913170155011018E-002
   5.1690000000000040        0.0000000000000000       0.57569191232749606       0.36610345677769995        5.8204630894803162E-002
   5.1700000000000044        0.0000000000000000       0.57477370823120100       0.36672921823352406        5.8497073535274349E-002
   5.1710000000000038        0.0000000000000000       0.57385545477492073       0.36735404585625658        5.8790499368822191E-002
   5.1720000000000041        0.0000000000000000       0.57293715566964276       0.36797793464728035        5.9084909683076343E-002
   5.1730000000000045        0.0000000000000000       0.57201881462362969       0.36860087961548849        5.9380305760881165E-002
   5.1740000000000039        0.0000000000000000       0.57110043534239696       0.36922287577732466        5.9676688880277759E-002
   5.1750000000000043        0.0000000000000000       0.57018202152868935       0.36984391815682321        5.9974060314486953E-002
   5.1760000000000046        0.0000000000000000       0.56926357688245954       0.37046400178564848        6.0272421331891500E-002
   5.1770000000000040        0.0000000000000000       0.56834510510084590       0.37108312170313473        6.0571773196018711E-002
   5.1780000000000044        0.0000000000000000       0.56742660987814963       0.37170127295632654        6.0872117165523210E-002
   5.1790000000000038        0.0000000000000000       0.56650809490581311       0.37231845060001695        6.1173454494169277E-002
   5.1800000000000042        0.0000000000000000       0.56558956387239723       0.37293464969678852        6.1475786430813688E-002
   5.1810000000000045        0.0000000000000000       0.56467102046355933       0.37354986531705175        6.1779114219388434E-002
   5.1820000000000039        0.0000000000000000       0.56375246836203097       0.37416409253908511        6.2083439098883218E-002
   5.1830000000000043        0.0000000000000000       0.56283391124759641       0.37477732644907469        6.2388762303328606E-002
   5.1840000000000046        0.0000000000000000       0.56191535279706906       0.37538956214115193        6.2695085061778344E-002
   5.1850000000000041        0.0000000000000000       0.56099679668427160       0.37600079471743530        6.3002408598292509E-002
   5.1860000000000044        0.0000000000000000       0.56007824658001137       0.37661101928806745        6.3310734131920385E-002
   5.1870000000000038        0.0000000000000000       0.55915970615206112       0.37722023097125518        6.3620062876683078E-002
   5.1880000000000042        0.0000000000000000       0.55824117906513404       0.37782842489330853        6.3930396041556731E-002
   5.1890000000000045        0.0000000000000000       0.55732266898086469       0.37843559618867967        6.4241734830455269E-002
   5.1900000000000039        0.0000000000000000       0.55640417955778476       0.37904174000000113        6.4554080442213585E-002
   5.1910000000000043        0.0000000000000000       0.55548571445130257       0.37964685147812638        6.4867434070570454E-002
   5.1920000000000046        0.0000000000000000       0.55456727731368116       0.38025092578216652        6.5181796904151532E-002
   5.1930000000000041        0.0000000000000000       0.55364887179401578       0.38085395807953087        6.5497170126452703E-002
   5.1940000000000044        0.0000000000000000       0.55273050153821235       0.38145594354596435        6.5813554915822900E-002
   5.1950000000000038        0.0000000000000000       0.55181217018896522       0.38205687736558652        6.6130952445447574E-002
   5.1960000000000042        0.0000000000000000       0.55089388138573747       0.38265675473093036        6.6449363883331614E-002
   5.1970000000000045        0.0000000000000000       0.54997563876473665       0.38325557084297984        6.6768790392282854E-002
   5.1980000000000040        0.0000000000000000       0.54905744595889405       0.38385332091121016        6.7089233129895190E-002
   5.1990000000000043        0.0000000000000000       0.54813930659784416       0.38445000015362341        6.7410693248531897E-002
   5.2000000000000046        0.0000000000000000       0.54722122430790077       0.38504560379678948        6.7733171895309072E-002
   5.2010000000000041        0.0000000000000000       0.54630320271203825       0.38564012707588247        6.8056670212078868E-002
   5.2020000000000044        0.0000000000000000       0.54538524542986710       0.38623356523471919        6.8381189335413123E-002
   5.2030000000000038        0.0000000000000000       0.54446735607761487       0.38682591352579804        6.8706730396586674E-002
   5.2040000000000042        0.0000000000000000       0.54354953826810271       0.38741716721033581        6.9033294521560803E-002
   5.2050000000000045        0.0000000000000000       0.54263179561072605       0.38800732155830647        6.9360882830966891E-002
   5.2060000000000040        0.0000000000000000       0.54171413171143090       0.38859637184847862        6.9689496440090037E-002
   5.2070000000000043        0.0000000000000000       0.54079655017269401       0.38918431336845299        7.0019136458852466E-002
   5.2080000000000046        0.0000000000000000       0.53987905459350138       0.38977114141470076        7.0349803991797286E-002
   5.2090000000000041        0.0000000000000000       0.53896164856932627       0.39035685129260089        7.0681500138072201E-002
   5.2100000000000044        0.0000000000000000       0.53804433569210830       0.39094143831647798        7.1014225991413119E-002
   5.2110000000000039        0.0000000000000000       0.53712711955023273       0.39152489780963867        7.1347982640127997E-002
   5.2120000000000042        0.0000000000000000       0.53621000372850824       0.39210722510441037        7.1682771167080744E-002
   5.2130000000000045        0.0000000000000000       0.53529299180814671       0.39268841554217809        7.2018592649674723E-002
   5.2140000000000040        0.0000000000000000       0.53437608736674080       0.39326846447342173        7.2355448159836869E-002
   5.2150000000000043        0.0000000000000000       0.53345929397824521       0.39384736725775266        7.2693338764001678E-002
   5.2160000000000046        0.0000000000000000       0.53254261521295243       0.39442511926395213        7.3032265523094914E-002
   5.2170000000000041        0.0000000000000000       0.53162605463747437       0.39500171587000726        7.3372229492517635E-002
   5.2180000000000044        0.0000000000000000       0.53070961581472043       0.39557715246314856        7.3713231722130387E-002
   5.2190000000000039        0.0000000000000000       0.52979330230387567       0.39615142443988655        7.4055273256237120E-002
   5.2200000000000042        0.0000000000000000       0.52887711766038148       0.39672452720604839        7.4398355133569391E-002
   5.2210000000000045        0.0000000000000000       0.52796106543591370       0.39729645617681536        7.4742478387270342E-002
   5.2220000000000040        0.0000000000000000       0.52704514917836154       0.39786720677675880        7.5087644044879054E-002
   5.2230000000000043        0.0000000000000000       0.52612937243180757       0.39843677443987713        7.5433853128314646E-002
   5.2240000000000046        0.0000000000000000       0.52521373873650667       0.39900515460963215        7.5781106653860619E-002
   5.2250000000000041        0.0000000000000000       0.52429825162886445       0.39957234273898595        7.6129405632149094E-002
   5.2260000000000044        0.0000000000000000       0.52338291464141795       0.40013833429043638        7.6478751068145098E-002
   5.2270000000000039        0.0000000000000000       0.52246773130281388       0.40070312473605441        7.6829143961131191E-002
   5.2280000000000042        0.0000000000000000       0.52155270513778840       0.40126670955751959        7.7180585304691463E-002
   5.2290000000000045        0.0000000000000000       0.52063783966714661       0.40182908424615638        7.7533076086696462E-002
   5.2300000000000040        0.0000000000000000       0.51972313840774143       0.40239024430297060        7.7886617289287377E-002
   5.2310000000000043        0.0000000000000000       0.51880860487245384       0.40295018523868492        7.8241209888860561E-002
   5.2320000000000046        0.0000000000000000       0.51789424257017214       0.40350890257377486        7.8596854856052417E-002
   5.2330000000000041        0.0000000000000000       0.51698005500577071       0.40406639183850512        7.8953553155723652E-002
   5.2340000000000044        0.0000000000000000       0.51606604568009073       0.40462264857296443        7.9311305746944144E-002
   5.2350000000000039        0.0000000000000000       0.51515221808991973       0.40517766832710217        7.9670113582977625E-002
   5.2360000000000042        0.0000000000000000       0.51423857572796960       0.40573144666076338        8.0029977611266373E-002
   5.2370000000000045        0.0000000000000000       0.51332512208285896       0.40628397914372444        8.0390898773416070E-002
   5.2380000000000040        0.0000000000000000       0.51241186063909017       0.40683526135572873        8.0752878005180495E-002
   5.2390000000000043        0.0000000000000000       0.51149879487703132       0.40738528888652159        8.1115916236446567E-002
   5.2400000000000047        0.0000000000000000       0.51058592827289440       0.40793405733588589        8.1480014391219102E-002
   5.2410000000000041        0.0000000000000000       0.50967326429871662       0.40848156231367688        8.1845173387605941E-002
   5.2420000000000044        0.0000000000000000       0.50876080642233867       0.40902779943985818        8.2211394137802637E-002
   5.2430000000000039        0.0000000000000000       0.50784855810738605       0.40957276434453566        8.2578677548077822E-002
   5.2440000000000042        0.0000000000000000       0.50693652281324819       0.41011645266799296        8.2947024518758156E-002
   5.2450000000000045        0.0000000000000000       0.50602470399505917       0.41065886006072699        8.3316435944213355E-002
   5.2460000000000040        0.0000000000000000       0.50511310510367691       0.41119998218348114        8.3686912712841580E-002
   5.2470000000000043        0.0000000000000000       0.50420172958566345       0.41173981470728160        8.4058455707054253E-002
   5.2480000000000047        0.0000000000000000       0.50329058088326606       0.41227835331347157        8.4431065803261804E-002
   5.2490000000000041        0.0000000000000000       0.50237966243439602       0.41281559369374493        8.4804743871858546E-002
   5.2500000000000044        0.0000000000000000       0.50146897767260978       0.41335153155018145        8.5179490777208364E-002
   5.2510000000000039        0.0000000000000000       0.50055853002708817       0.41388616259528171        8.5555307377629577E-002
   5.2520000000000042        0.0000000000000000       0.49964832292261829       0.41441948255200006        8.5932194525381062E-002
   5.2530000000000046        0.0000000000000000       0.49873835977957248       0.41495148715377983        8.6310153066646994E-002
   5.2540000000000040        0.0000000000000000       0.49782864401388893       0.41548217214458744        8.6689183841522993E-002
   5.2550000000000043        0.0000000000000000       0.49691917903705246       0.41601153327894580        8.7069287684001212E-002
   5.2560000000000047        0.0000000000000000       0.49600996825607457       0.41653956632196865        8.7450465421956114E-002
   5.2570000000000041        0.0000000000000000       0.49510101507347454       0.41706626704939487        8.7832717877130151E-002
   5.2580000000000044        0.0000000000000000       0.49419232288725873       0.41759163124762139        8.8216045865119400E-002
   5.2590000000000039        0.0000000000000000       0.49328389509090265       0.41811565471373752        8.8600450195359240E-002
   5.2600000000000042        0.0000000000000000       0.49237573507333049       0.41863833325555871        8.8985931671110199E-002
   5.2610000000000046        0.0000000000000000       0.49146784621889616       0.41915966269165955        8.9372491089443756E-002
   5.2620000000000040        0.0000000000000000       0.49056023190736403       0.41967963885140719        8.9760129241228198E-002
   5.2630000000000043        0.0000000000000000       0.48965289551388946       0.42019825757499552        9.0148846911114466E-002
   5.2640000000000047        0.0000000000000000       0.48874584040899965       0.42071551471347757        9.0538644877522223E-002
   5.2650000000000041        0.0000000000000000       0.48783906995857457       0.42123140612879906        9.0929523912625737E-002
   5.2660000000000045        0.0000000000000000       0.48693258752382768       0.42174592769383179        9.1321484782340007E-002
   5.2670000000000039        0.0000000000000000       0.48602639646128665       0.42225907529240586        9.1714528246306840E-002
   5.2680000000000042        0.0000000000000000       0.48512050012277508       0.42277084481934352        9.2108655057880906E-002
   5.2690000000000046        0.0000000000000000       0.48421490185539207       0.42328123218049135        9.2503865964115958E-002
   5.2700000000000040        0.0000000000000000       0.48330960500149478       0.42379023329275345        9.2900161705751147E-002
   5.2710000000000043        0.0000000000000000       0.48240461289867886       0.42429784408412358        9.3297543017197088E-002
   5.2720000000000047        0.0000000000000000       0.48149992887975862       0.42480406049371838        9.3696010626522427E-002
   5.2730000000000041        0.0000000000000000       0.48059555627274997       0.42530887847180954        9.4095565255440036E-002
   5.2740000000000045        0.0000000000000000       0.47969149840085040       0.42581229397985554        9.4496207619293421E-002
   5.2750000000000039        0.0000000000000000       0.47878775858242051       0.42631430299053569        9.4897938427043194E-002
   5.2760000000000042        0.0000000000000000       0.47788434013096509       0.42681490148778062        9.5300758381253681E-002
   5.2770000000000046        0.0000000000000000       0.47698124635511518       0.42731408546680510        9.5704668178079239E-002
   5.2780000000000040        0.0000000000000000       0.47607848055860830       0.42781185093414009        9.6109668507251181E-002
   5.2790000000000044        0.0000000000000000       0.47517604604027097       0.42830819390766445        9.6515760052064081E-002
   5.2800000000000047        0.0000000000000000       0.47427394609399948       0.42880311041663738        9.6922943489362576E-002
   5.2810000000000041        0.0000000000000000       0.47337218400874159       0.42929659650172952        9.7331219489528303E-002
   5.2820000000000045        0.0000000000000000       0.47247076306847796       0.42978864821505514        9.7740588716466278E-002
   5.2830000000000039        0.0000000000000000       0.47156968655220416       0.43027926162020314        9.8151051827592165E-002
   5.2840000000000042        0.0000000000000000       0.47066895773391160       0.43076843279226895        9.8562609473818785E-002
   5.2850000000000046        0.0000000000000000       0.46976857988257004       0.43125615781788607        9.8975262299543343E-002
   5.2860000000000040        0.0000000000000000       0.46886855626210838       0.43174243279525698        9.9389010942634026E-002
   5.2870000000000044        0.0000000000000000       0.46796889013139747       0.43222725383418453        9.9803856034417479E-002
   5.2880000000000047        0.0000000000000000       0.46706958474423060       0.43271061705610314       0.10021979819966555     
   5.2890000000000041        0.0000000000000000       0.46617064334930719       0.43319251859411007       0.10063683805658243     
   5.2900000000000045        0.0000000000000000       0.46527206919021241       0.43367295459299515       0.10105497621679191     
   5.2910000000000039        0.0000000000000000       0.46437386550540150       0.43415192120927343       0.10147421328532466     
   5.2920000000000043        0.0000000000000000       0.46347603552817956       0.43462941461121457       0.10189454986060527     
   5.2930000000000046        0.0000000000000000       0.46257858248668554       0.43510543097887411       0.10231598653443971     
   5.2940000000000040        0.0000000000000000       0.46168150960387294       0.43557996650412395       0.10273852389200272     
   5.2950000000000044        0.0000000000000000       0.46078482009749239       0.43605301739068192       0.10316216251182504     
   5.2960000000000047        0.0000000000000000       0.45988851718007406       0.43652457985414428       0.10358690296578109     
   5.2970000000000041        0.0000000000000000       0.45899260405890957       0.43699465012201355       0.10401274581907619     
   5.2980000000000045        0.0000000000000000       0.45809708393603443       0.43746322443373048       0.10443969163023450     
   5.2990000000000039        0.0000000000000000       0.45720196000821017       0.43793029904070302       0.10486774095108617     
   5.3000000000000043        0.0000000000000000       0.45630723546690699       0.43839587020633691       0.10529689432675549     
   5.3010000000000046        0.0000000000000000       0.45541291349828583       0.43885993420606562       0.10572715229564800     
   5.3020000000000040        0.0000000000000000       0.45451899728318090       0.43932248732737961       0.10615851538943885     
